    1   301    9 1.708 57.0    2    2
    2   451    8 1.724 67.5    2    2
    3   501    7 1.720 54.5    2    2
    4   642    9 1.558 53.0    1    2
    5   901    9 1.895 57.0    1    2
    6  1701    8 2.336 61.0    2    2
    7  1752    6 1.919 58.0    2    2
    8  1753    6 1.415 56.0    2    2
    9  1901    8 1.987 58.5    2    2
   10  1951    9 1.942 60.0    2    2
   11  1952    6 1.602 53.0    2    2
   12  2001    8 1.735 54.0    1    2
   13  2101    8 2.193 58.5    2    2
   14  2401    8 2.118 60.5    1    2
   15  3102    8 2.258 58.0    1    2
   16  3142    7 1.932 53.0    1    2
   17  3541    5 1.472 50.0    1    2
   18  3551    6 1.878 53.0    2    2
   19  4201    9 2.352 59.0    1    2
   20  4301    9 2.604 61.5    1    2
   21  4351    5 1.400 49.0    2    2
   22  5151    5 1.256 52.5    2    2
   23  5152    4 0.839 48.0    2    2
   24  5201    7 2.578 62.5    1    2
   25  5601    9 2.988 65.0    2    2
   26  5642    3 1.404 51.5    1    2
   27  5702    9 2.348 60.0    1    2
   28  6042    5 1.755 52.0    1    2
   29  6101    8 2.980 60.0    2    2
   30  6801    9 2.100 60.0    2    2
   31  6851    5 1.282 49.0    2    2
   32  7201    9 3.000 65.5    1    2
   33  7251    8 2.673 60.0    2    2
   34  7252    7 2.093 57.5    2    2
   35  7253    5 1.612 52.0    2    2
   36  8501    8 2.175 59.0    2    2
   37  8801    9 2.725 59.0    1    2
   38  9101    8 2.071 55.0    1    2
   39  9201    8 1.547 57.0    1    2
   40  9301    8 2.004 57.0    1    2
   41  9501    9 3.135 60.0    2    2
   42  9801    8 2.420 59.0    1    2
   43 10041    5 1.776 51.0    1    2
   44 10401    8 1.931 57.0    2    2
   45 10451    5 1.343 50.0    2    2
   46 10601    9 2.076 57.0    2    2
   47 10701    7 1.624 54.0    1    2
   48 10751    8 1.344 52.5    2    2
   49 10841    6 1.650 55.0    1    2
   50 11201    8 2.732 60.5    1    2
   51 11241    5 2.017 54.5    1    2
   52 11501    9 2.797 61.5    2    2
   53 12001    9 3.556 62.0    1    2
   54 12201    8 1.703 54.5    1    2
   55 12241    6 1.634 54.0    1    2
   56 12402    9 2.570 57.0    1    2
   57 13351    9 3.016 62.5    2    2
   58 13701    7 2.419 60.0    2    2
   59 13751    4 1.569 50.0    2    2
   60 14051    8 1.698 57.5    2    2
   61 14101    8 2.123 60.0    1    2
   62 14201    8 2.481 60.0    2    2
   63 14251    6 1.481 51.0    2    2
   64 14252    4 1.577 49.0    2    2
   65 14501    8 1.940 59.0    1    2
   66 14541    6 1.747 57.5    1    2
   67 14601    9 2.069 58.0    1    2
   68 14651    7 1.631 55.5    2    2
   69 15153    5 1.536 52.0    2    2
   70 15201    9 2.560 60.5    2    2
   71 15241    8 1.962 57.0    1    2
   72 15301    8 2.531 58.0    2    2
   73 15401    9 2.715 60.0    1    2
   74 15443    9 2.457 59.0    1    2
   75 15601    9 2.090 59.5    1    2
   76 15701    7 1.789 56.0    1    2
   77 15741    5 1.858 53.0    1    2
   78 15842    5 1.452 51.0    1    2
   79 16101    9 3.842 69.0    1    2
   80 16151    6 1.719 53.0    2    2
   81 16251    7 2.111 57.0    2    2
   82 16252    6 1.695 53.0    2    2
   83 16501    8 2.211 63.0    1    2
   84 16601    8 1.794 54.5    1    2
   85 16651    7 1.917 58.0    2    2
   86 18101    8 2.144 63.0    2    2
   87 18501    7 1.253 52.0    1    2
   88 18843    9 2.659 61.5    1    2
   89 18844    5 1.580 52.5    1    2
   90 19401    9 2.126 62.0    1    2
   91 20152    9 3.029 61.5    2    2
   92 20801    9 2.964 64.5    1    2
   93 20841    7 1.611 57.5    1    2
   94 21552    8 2.215 60.0    2    2
   95 22201    8 2.388 60.0    2    2
   96 22901    9 2.196 61.0    1    2
   97 23101    9 1.751 58.0    1    2
   98 23441    9 2.165 61.5    1    2
   99 23442    7 1.682 55.0    1    2
  100 23641    8 1.523 55.0    1    2
  101 23653    8 1.292 52.0    2    2
  102 23801    7 1.649 54.0    1    2
  103 23802    9 2.588 63.0    1    2
  104 23841    4 0.796 47.0    1    2
  105 23902    9 2.574 60.5    2    2
  106 23941    6 1.979 56.0    1    2
  107 24401    8 2.354 58.5    1    2
  108 24843    6 1.718 55.0    1    2
  109 24851    7 1.742 58.5    2    2
  110 25001    7 1.603 51.0    2    2
  111 25052    8 2.639 59.5    2    2
  112 25201    7 1.829 54.0    2    2
  113 27001    7 2.084 58.0    1    2
  114 27401    7 2.220 58.0    1    2
  115 27952    7 1.473 52.5    2    2
  116 28452    8 2.341 60.5    2    2
  117 28501    7 1.698 54.5    2    2
  118 28551    5 1.196 46.5    2    2
  119 28801    8 1.872 56.5    2    2
  120 29001    7 2.219 55.0    1    2
  121 29101    9 2.420 57.0    1    2
  122 29151    7 1.827 54.5    2    2
  123 29401    7 1.461 54.0    2    2
  124 29443    6 1.338 53.0    1    2
  125 29601    8 2.090 57.0    1    2
  126 29701    8 1.697 59.0    2    2
  127 29741    8 1.562 55.0    1    2
  128 29901    9 2.040 55.5    2    2
  129 29954    7 1.609 51.5    2    2
  130 30001    8 2.458 61.0    2    2
  131 30043    9 2.650 63.5    1    2
  132 31001    8 1.429 57.5    1    2
  133 31501    8 1.675 53.0    1    2
  134 31551    9 1.947 56.5    2    2
  135 32501    8 2.069 54.0    1    2
  136 32542    6 1.572 52.0    1    2
  137 32742    6 1.348 53.0    1    2
  138 32751    8 2.288 61.5    2    2
  139 33301    9 1.773 58.5    1    2
  140 33351    5 0.791 52.0    2    2
  141 33501    7 1.905 58.0    1    2
  142 33601    9 2.463 61.0    2    2
  143 33641    6 1.431 51.0    1    2
  144 33801    9 2.631 62.0    2    2
  145 34101    9 3.114 64.5    1    2
  146 34301    9 2.135 58.5    1    2
  147 34341    6 1.527 52.5    1    2
  148 35102    8 2.293 58.0    2    2
  149 35103    9 3.042 66.0    2    2
  150 35601    8 2.927 63.5    1    2
  151 37201    8 2.665 64.0    2    2
  152 37301    9 2.301 58.5    1    2
  153 37901    9 2.460 64.0    1    2
  154 38051    9 2.592 60.5    2    2
  155 38152    7 1.750 55.0    2    2
  156 38241    8 1.759 53.0    1    2
  157 38242    6 1.536 48.0    1    2
  158 38801    9 2.259 58.5    2    2
  159 39001    9 2.048 64.5    2    2
  160 39101    9 2.571 60.5    1    2
  161 39141    7 2.046 56.0    1    2
  162 39201    8 1.780 58.5    2    2
  163 39251    5 1.552 54.0    2    2
  164 39301    8 1.953 58.0    2    2
  165 39401    9 2.893 64.5    1    2
  166 39741    6 1.713 50.5    1    2
  167 39801    9 2.851 60.0    2    2
  168 39841    6 1.624 51.5    1    2
  169 39901    8 2.631 59.0    1    2
  170 39941    5 1.819 53.0    1    2
  171 40001    7 1.658 53.0    1    2
  172 40501    7 2.158 53.5    1    2
  173 40541    4 1.789 52.0    1    2
  174 42101    9 3.004 64.0    2    2
  175 42201    8 2.503 63.0    1    2
  176 42501    9 1.933 58.0    2    2
  177 42552    9 2.091 58.5    2    2
  178 42901    9 2.316 59.5    2    2
  179 42941    5 1.704 51.0    2    2
  180 43201    9 1.606 57.5    2    2
  181 43242    7 1.165 47.0    1    2
  182 43651    6 2.102 55.5    2    2
  183 43901    9 2.320 57.0    2    2
  184 44201    9 2.230 61.0    1    2
  185 44301    9 1.716 55.5    1    2
  186 44501    7 1.790 53.5    1    2
  187 44551    5 1.146 50.0    2    2
  188 44701    8 2.187 61.5    2    2
  189 45001    9 2.717 61.5    1    2
  190 45041    7 1.796 55.0    1    2
  191 45241    9 1.953 58.0    1    1
  192 45251    8 1.335 56.5    2    2
  193 45301    9 2.119 57.0    1    2
  194 45641    6 1.666 52.0    1    2
  195 45642    6 1.826 52.5    1    2
  196 45653    8 2.709 62.5    2    2
  197 46101    9 2.871 65.0    1    2
  198 46151    5 1.092 50.0    2    2
  199 46641    6 2.262 57.5    1    2
  200 46642    6 2.104 56.5    1    2
  201 47001    9 2.166 57.5    2    2
  202 47053    7 1.690 54.0    2    2
  203 47242    9 2.973 59.5    1    2
  204 47301    8 2.145 59.5    2    2
  205 47341    5 1.971 58.0    1    2
  206 47552    7 2.095 57.0    2    2
  207 48052    6 1.697 55.0    2    2
  208 48101    9 2.455 60.0    2    2
  209 48401    7 1.920 56.5    1    2
  210 48402    9 2.164 60.0    1    2
  211 48901    9 2.130 59.0    2    2
  212 49301    8 2.993 63.0    2    2
  213 49401    9 2.529 59.0    2    2
  214 49501    7 1.726 53.0    2    2
  215 49542    9 2.442 61.5    2    2
  216 49551    4 1.102 48.0    2    2
  217 49701    9 2.056 63.0    2    2
  218 49741    5 1.808 55.5    1    2
  219 49751    8 2.305 64.5    2    2
  220 50501    9 1.969 59.0    2    2
  221 50701    8 1.556 58.5    2    2
  222 50951    3 1.072 46.0    2    2
  223 51241    9 2.042 62.0    1    2
  224 51301    8 1.512 53.0    2    2
  225 51341    6 1.423 49.5    1    2
  226 51501    9 3.681 68.0    1    2
  227 51542    8 1.991 59.5    1    2
  228 52101    8 1.897 55.5    1    2
  229 53601    7 1.370 55.0    2    2
  230 53651    6 1.338 51.5    2    2
  231 54201    8 2.016 56.0    1    2
  232 54701    9 2.639 63.0    2    2
  233 54751    4 1.389 48.0    2    2
  234 54941    7 1.612 56.5    1    2
  235 54952    8 2.135 59.0    2    2
  236 55645    8 2.681 60.5    1    2
  237 55652    9 3.223 65.0    2    2
  238 57651    6 1.796 55.0    2    2
  239 57901    8 2.010 55.0    1    2
  240 58341    6 1.523 51.0    2    2
  241 58601    8 1.744 52.5    1    2
  242 58602    9 2.485 64.0    2    2
  243 60051    8 2.335 59.0    2    2
  244 60251    7 1.415 53.5    2    2
  245 60801    9 2.076 60.5    1    2
  246 61101    8 2.435 59.5    1    2
  247 61601    7 1.728 56.5    2    2
  248 61801    9 2.850 63.0    2    2
  249 61901    8 1.844 56.5    2    2
  250 62301    9 1.754 61.5    2    2
  251 62351    6 1.343 52.0    2    2
  252 62641    8 2.303 57.0    1    2
  253 62702    9 2.246 63.5    1    2
  254 63102    8 2.476 63.0    2    2
  255 63201    9 3.239 65.0    1    2
  256 63941    9 2.457 61.5    1    2
  257 64101    8 2.382 62.0    2    2
  258 64151    7 1.640 55.0    2    2
  259 64152    5 1.589 51.0    2    2
  260 64201    7 2.056 54.0    1    2
  261 70001    8 2.226 57.0    1    2
  262 70401    9 1.886 56.0    2    2
  263 71101    9 2.833 61.5    1    2
  264 71241    6 1.715 53.0    1    2
  265 71401    8 2.631 59.0    1    2
  266 71444    7 2.550 56.0    1    2
  267 71851    9 1.912 59.0    2    2
  268 72001    7 1.877 52.5    2    2
  269 72051    7 1.935 52.5    2    2
  270 72052    5 1.539 50.0    2    2
  271 72501    9 2.803 59.5    1    2
  272 73001    9 2.923 64.0    1    2
  273 73151    8 2.358 61.0    2    2
  274 73342    8 2.094 57.5    1    2
  275 74201    9 1.855 60.0    1    2
  276 74241    6 1.535 55.0    2    2
  277 74401    7 2.135 56.0    1    2
  278 74441    5 1.930 51.0    1    2
  279 74601    9 2.182 59.5    2    2
  280 74641    5 1.359 50.5    1    2
  281 74652    7 2.002 57.5    2    2
  282 74941    6 1.699 54.0    1    2
  283 75701    8 2.500 57.0    1    2
  284 75751    7 2.366 58.0    2    2
  285 75901    8 2.069 60.0    2    2
  286 75951    4 1.418 49.0    2    2
  287 76501    8 2.333 57.0    2    2
  288 76541    5 1.514 52.0    1    2
  289 76751    8 1.758 52.0    2    2
  290 77141    7 2.535 59.5    1    2
  291 77901    7 2.564 58.0    2    2
  292 78301    9 2.487 64.0    2    2
  293 78352    9 1.591 57.0    2    2
  294 80001    8 1.624 53.0    1    2
  295 80301    9 2.798 62.0    1    2
  296 80341    6 1.691 53.0    1    2
  297 80601    8 1.999 56.5    2    2
  298 80801    9 1.869 57.0    1    2
  299 80841    4 1.004 48.0    1    2
  300 81241    6 1.427 49.5    1    2
  301 81401    7 1.826 51.0    1    2
  302 81451    9 2.688 59.5    2    2
  303 81501    8 1.657 56.0    1    2
  304 81751    6 1.672 54.0    2    2
  305 82701    8 2.015 57.5    2    2
  306 83801    7 2.371 55.5    2    2
  307 83841    5 2.115 50.0    1    2
  308 83901    8 2.328 60.0    2    2
  309 83952    7 1.495 57.0    2    2
  310   201   11 2.884 69.0    1    2
  311   202   10 2.328 64.0    1    2
  312   341   14 3.381 63.0    1    2
  313   351   11 2.170 58.0    2    2
  314   401   11 3.470 66.5    1    2
  315   551   12 3.058 60.5    2    2
  316   601   10 1.811 57.0    1    2
  317   641   11 2.524 64.0    1    2
  318  1751   10 2.642 61.0    2    2
  319  2041   14 3.741 68.5    1    2
  320  2042   13 4.336 69.5    1    2
  321  2142   14 4.842 72.0    1    2
  322  2143   12 4.550 71.0    1    2
  323  2451   12 2.841 63.0    2    2
  324  2801   10 3.166 61.5    2    2
  325  2851   13 3.816 63.5    2    2
  326  3141   10 2.561 62.0    1    2
  327  3501   11 3.654 65.0    2    2
  328  3901   10 2.481 61.0    1    2
  329  4001   11 2.665 63.0    2    2
  330  4341   10 3.203 66.0    1    2
  331  4901   13 3.549 68.0    1    2
  332  4952   14 2.236 66.0    2    1
  333  5001   11 3.222 72.0    1    2
  334  5101   10 3.111 66.0    1    2
  335  5251   11 3.490 67.0    2    2
  336  5351   13 3.147 64.0    2    2
  337  5352   10 2.520 60.5    2    2
  338  5641   10 2.292 63.0    1    2
  339  5701   12 2.889 64.0    2    2
  340  6001   10 2.246 60.5    1    2
  341  6041   10 1.937 62.0    1    2
  342  6145   10 2.646 60.0    1    2
  343  6201   11 2.957 64.5    1    2
  344  6401   11 4.007 67.0    1    2
  345  7101   11 2.386 61.5    2    2
  346  7241   10 3.251 66.0    1    2
  347  7901   11 2.762 60.0    2    2
  348  8301   11 3.011 64.0    2    2
  349  8541   13 4.305 68.5    1    2
  350  8542   13 3.906 67.0    1    2
  351  8842   11 3.583 67.0    1    2
  352  8901   11 3.236 66.0    2    2
  353  9141   14 3.436 62.5    1    2
  354  9142   11 3.058 61.0    1    2
  355  9502   10 3.007 62.0    1    2
  356  9802   10 3.489 66.5    1    2
  357 10001   10 2.864 60.0    2    2
  358 10053   14 3.428 64.0    2    1
  359 10054   13 2.819 62.0    2    2
  360 10501   10 2.250 58.0    2    2
  361 10642   14 4.683 68.5    1    2
  362 10801   10 2.352 61.5    1    2
  363 10901   11 3.108 64.5    1    2
  364 10942   13 3.994 67.0    1    2
  365 11101   12 4.393 68.5    1    2
  366 11151   13 3.208 61.0    2    1
  367 11301   10 2.592 65.0    1    2
  368 11341   13 3.193 70.0    1    2
  369 11601   11 1.694 60.0    1    1
  370 11642   14 3.957 72.0    1    1
  371 11901   11 2.346 59.0    2    2
  372 11942   13 4.789 69.0    1    1
  373 12501   11 3.515 67.5    1    2
  374 13301   11 2.754 65.5    2    2
  375 14001   10 2.720 65.5    1    2
  376 14143   11 2.463 64.5    1    2
  377 14401   11 2.633 62.0    2    2
  378 15101   10 3.048 65.5    2    2
  379 15141   11 3.111 67.5    1    2
  380 15152   13 3.745 68.0    2    2
  381 15302   12 2.384 63.5    2    1
  382 15342   10 2.094 58.5    1    2
  383 15451   10 3.183 65.5    2    2
  384 15751   14 3.074 65.0    2    1
  385 15801   11 3.977 70.5    1    2
  386 15841   10 3.354 63.0    1    2
  387 16201   11 3.411 63.5    2    2
  388 16551   10 2.387 66.0    2    1
  389 16901   11 3.171 63.0    2    2
  390 16941   13 3.887 67.5    1    2
  391 16951   13 2.646 61.5    2    2
  392 16952   10 2.504 60.0    2    2
  393 17301   11 3.587 64.5    1    2
  394 17401   11 3.845 68.5    1    2
  395 17801   12 2.971 64.5    1    2
  396 17851   10 2.891 61.0    2    2
  397 18502   10 1.823 57.0    2    2
  398 18541   11 2.417 62.5    1    2
  399 18551   10 2.175 58.0    2    2
  400 18801   11 2.735 62.5    2    2
  401 18841   14 4.273 72.5    1    2
  402 18842   13 2.976 65.5    1    2
  403 19601   12 3.835 69.5    2    1
  404 19901   11 4.065 66.5    1    2
  405 20101   11 2.318 59.0    2    2
  406 21301   11 3.596 68.0    1    2
  407 21352   14 3.395 67.0    2    2
  408 21353   12 2.751 63.0    2    2
  409 21501   10 2.673 64.5    2    2
  410 22253   12 2.556 62.0    2    2
  411 23151   11 2.542 62.0    2    2
  412 23401   10 2.608 66.0    1    2
  413 23601   11 2.354 62.0    2    2
  414 23651   13 2.599 62.5    2    1
  415 23652   10 1.458 57.0    2    2
  416 23901   10 3.795 68.5    1    2
  417 24201   11 2.491 59.0    2    2
  418 24251   13 3.060 61.5    2    2
  419 24501   10 2.545 65.0    1    2
  420 24543   11 2.993 66.5    1    2
  421 24601   10 3.305 65.0    2    2
  422 24642   13 4.756 68.0    1    1
  423 24701   11 3.774 67.0    2    2
  424 24741   10 2.855 64.5    1    2
  425 24801   11 2.988 70.0    1    2
  426 25041   11 2.498 60.0    1    2
  427 25051   14 3.169 64.0    2    2
  428 25501   11 2.887 62.5    1    2
  429 25551   13 2.704 61.0    2    2
  430 25901   11 3.515 64.0    2    2
  431 27441   11 3.425 65.5    1    2
  432 27701   10 2.287 61.0    2    2
  433 27751   13 2.434 65.4    2    2
  434 27901   10 2.365 63.5    2    2
  435 27951   13 3.086 67.5    2    1
  436 28401   10 2.696 66.0    1    2
  437 29952   12 2.868 62.0    2    2
  438 29953   10 2.813 61.5    2    2
  439 30042   14 4.309 69.0    1    1
  440 30051   12 3.255 66.0    2    2
  441 30052   10 3.413 66.0    2    1
  442 30401   11 4.593 69.0    1    2
  443 31042   14 4.111 71.0    1    2
  444 31201   12 1.916 60.5    1    2
  445 31242   10 1.858 58.0    1    2
  446 31502   10 2.975 63.0    2    1
  447 31901   10 3.350 69.0    1    2
  448 32541   10 2.901 59.5    1    2
  449 32701   12 2.241 64.0    1    2
  450 32741   13 4.225 74.0    1    2
  451 33001   11 3.223 64.5    2    2
  452 33041   12 5.224 70.0    1    2
  453 33502   11 4.073 67.0    1    2
  454 33541   12 4.080 64.5    1    2
  455 33701   11 2.606 65.0    2    2
  456 34201   11 3.169 62.5    2    1
  457 34243   12 4.411 68.0    1    2
  458 35101   12 3.791 68.5    1    2
  459 35901   13 3.089 67.5    1    2
  460 35941   11 2.465 60.0    1    2
  461 36001   12 3.343 68.0    1    1
  462 36041   10 3.200 65.0    1    2
  463 36101   12 2.913 64.0    1    2
  464 37241   13 4.877 73.0    1    2
  465 37351   10 2.358 59.0    2    2
  466 37401   12 3.279 70.5    1    2
  467 37701   10 2.581 66.0    1    2
  468 37702   12 2.347 61.5    2    2
  469 37951   10 2.691 67.0    2    2
  470 38001   11 2.827 62.5    2    2
  471 38201   10 1.873 52.5    1    2
  472 39041   12 3.751 72.0    1    1
  473 39052   14 2.538 71.0    2    2
  474 39601   10 2.758 65.5    1    2
  475 39701   10 3.050 60.0    2    2
  476 40051   12 3.079 60.0    2    2
  477 40301   10 2.201 60.5    1    2
  478 41601   10 1.858 59.0    1    2
  479 42151   13 2.216 68.0    2    1
  480 42251   12 3.403 62.0    2    2
  481 42301   12 3.501 64.5    2    2
  482 42502   11 2.578 63.0    2    2
  483 42551   13 3.078 66.0    2    1
  484 43002   12 3.186 67.0    2    1
  485 43241   10 1.665 57.0    1    2
  486 43251   11 2.081 63.0    2    2
  487 43301   11 2.974 62.0    2    2
  488 43351   13 3.297 65.0    2    1
  489 43601   12 4.073 68.5    1    2
  490 43641   13 4.448 69.0    1    2
  491 44242   13 3.984 71.0    1    2
  492 44302   10 2.250 58.0    2    2
  493 44351   12 2.752 63.5    2    2
  494 44601   12 2.304 66.5    1    1
  495 44742   14 3.680 67.0    1    2
  496 45201   11 3.102 64.0    2    1
  497 45601   10 2.862 61.0    2    2
  498 45651   13 2.677 67.0    2    1
  499 45652   11 3.023 67.5    2    2
  500 46301   11 3.681 68.0    2    2
  501 46353   13 3.255 66.5    2    2
  502 46601   12 3.692 67.0    1    2
  503 46651   10 2.356 60.5    2    2
  504 46901   10 4.591 70.0    1    2
  505 46951   12 3.082 63.5    2    2
  506 47051   13 3.297 65.0    2    1
  507 47052   11 3.258 63.0    2    2
  508 47801   10 2.216 61.0    1    2
  509 47841   11 3.247 65.5    1    2
  510 48001   11 4.324 67.5    1    2
  511 48142   11 2.362 61.0    2    2
  512 48951   11 2.563 63.0    2    2
  513 49201   11 3.206 63.5    1    2
  514 49341   14 3.585 70.0    1    2
  515 49342   12 4.720 71.5    1    2
  516 49451   13 3.331 65.5    2    2
  517 49541   13 5.083 74.0    1    2
  518 50301   10 3.498 68.0    1    1
  519 50551   12 2.417 61.0    2    2
  520 50702   10 2.364 61.0    1    2
  521 50901   10 2.341 61.0    1    2
  522 51101   12 2.759 61.5    2    1
  523 51201   11 2.953 67.0    2    1
  524 51302   12 3.231 63.0    1    2
  525 51541   11 3.078 67.5    1    2
  526 51601   11 3.369 70.5    1    2
  527 51641   12 3.529 70.5    1    2
  528 52401   12 2.866 62.0    2    2
  529 52452   14 2.891 62.0    2    2
  530 52801   11 3.022 61.5    2    2
  531 53101   10 3.127 62.0    1    2
  532 53151   11 2.866 60.5    2    2
  533 53301   12 2.605 62.5    2    2
  534 54251   13 3.056 63.0    2    2
  535 54901   12 2.569 63.0    2    2
  536 54951   11 2.501 62.0    2    2
  537 55601   11 3.320 65.5    1    2
  538 55901   11 2.123 65.0    1    2
  539 55941   14 3.780 70.0    1    2
  540 56601   11 3.847 66.0    1    2
  541 56651   13 3.785 63.0    2    1
  542 56901   12 3.924 68.0    1    2
  543 57001   10 2.132 59.0    1    2
  544 57042   12 2.752 68.5    1    2
  545 57053   13 2.449 63.0    2    2
  546 57601   10 3.456 63.0    1    2
  547 58301   10 3.073 66.0    2    2
  548 58603   10 2.688 62.0    2    2
  549 59901   10 3.329 68.0    1    2
  550 59941   14 4.271 72.5    1    2
  551 60001   12 3.530 64.0    1    2
  552 60201   11 2.928 65.5    1    2
  553 60851   11 2.689 61.5    2    2
  554 61301   12 2.332 57.0    1    2
  555 61351   14 2.934 64.0    2    2
  556 61941   14 2.276 66.0    1    1
  557 62601   10 3.110 64.5    1    2
  558 62701   11 2.894 67.0    1    2
  559 62801   11 4.637 72.0    1    1
  560 62802   10 2.435 65.0    2    2
  561 63101   10 2.838 63.0    2    2
  562 63252   12 3.035 62.0    2    2
  563 63901   12 4.831 71.0    1    2
  564 64241   11 2.812 61.0    1    2
  565 70051   12 2.714 65.5    2    2
  566 70052   10 3.086 62.0    2    2
  567 70201   12 3.519 65.5    2    2
  568 70441   13 4.232 70.5    1    2
  569 70442   10 2.770 62.0    1    2
  570 71151   12 3.341 65.5    2    2
  571 71201   10 3.090 65.0    1    2
  572 71443   13 2.531 61.0    1    2
  573 71801   12 2.822 69.5    1    2
  574 72552   10 3.038 65.0    2    1
  575 72901   12 2.935 65.5    1    2
  576 73101   10 2.568 63.5    2    2
  577 73301   11 2.387 60.5    1    2
  578 73341   12 2.499 65.0    1    2
  579 73701   11 4.130 67.0    1    2
  580 74651   12 3.001 63.5    2    2
  581 74701   10 3.132 59.5    2    2
  582 74751   13 3.577 63.5    2    2
  583 74752   12 3.222 61.0    2    2
  584 74901   11 3.280 66.0    1    2
  585 75801   11 2.659 64.0    1    2
  586 76601   11 2.822 62.0    2    2
  587 76701   11 2.140 60.5    2    2
  588 77101   12 4.203 71.0    1    2
  589 77152   14 2.997 64.5    2    2
  590 77501   11 3.120 61.0    2    1
  591 77601   11 2.562 62.5    2    2
  592 80051   12 3.082 64.5    2    2
  593 80641   14 3.806 68.0    1    2
  594 80642   11 3.339 68.5    1    1
  595 80651   13 3.152 62.0    2    1
  596 81201   11 2.458 60.0    2    2
  597 81541   10 2.391 59.5    1    2
  598 81551   13 3.141 61.0    2    2
  599 81552   12 2.579 63.0    2    2
  600 81701   11 3.104 67.5    2    1
  601 81741   13 4.045 69.0    1    1
  602 82743   14 4.763 68.0    1    1
  603 82744   10 2.100 58.0    1    2
  604 83951   11 3.069 65.0    2    1
  605 90001   11 2.785 69.0    1    2
  606   441   15 4.284 70.0    1    2
  607  4041   15 4.506 71.0    1    1
  608  4051   18 2.906 66.0    2    2
  609  6144   19 5.102 72.0    1    2
  610  6252   19 3.519 66.0    2    1
  611  6441   16 3.688 68.0    1    1
  612  7142   17 4.429 70.0    1    2
  613  8841   15 4.279 67.5    1    2
  614 10941   15 4.500 70.0    1    2
  615 15351   15 2.635 64.0    2    2
  616 15752   15 2.679 66.0    2    1
  617 20151   15 2.198 62.0    2    1
  618 21351   19 3.345 65.5    2    1
  619 22251   18 3.082 64.5    2    2
  620 22252   16 3.387 66.5    2    2
  621 24541   17 3.082 67.0    1    1
  622 24552   16 2.903 63.0    2    1
  623 24553   15 3.004 64.0    2    1
  624 25941   15 5.793 69.0    1    2
  625 30041   15 3.985 71.0    1    2
  626 30441   18 4.220 68.0    1    2
  627 30442   17 4.724 70.5    1    2
  628 33741   15 3.731 67.0    1    2
  629 34241   17 3.406 69.0    1    1
  630 37251   17 3.500 62.0    2    2
  631 37252   16 3.674 67.5    2    2
  632 37441   17 5.633 73.0    1    2
  633 37451   15 3.122 64.0    2    1
  634 39051   15 3.330 68.5    2    1
  635 40351   16 2.608 62.0    2    1
  636 44241   16 3.645 73.5    1    2
  637 47241   15 3.799 66.5    1    1
  638 48141   18 4.086 67.0    1    1
  639 48152   15 2.887 63.0    2    2
  640 48441   16 4.070 69.5    1    1
  641 52841   17 3.960 70.0    1    2
  642 52842   16 4.299 66.0    1    2
  643 55951   16 2.981 66.0    2    2
  644 57052   15 2.264 63.0    2    1
  645 59944   18 4.404 70.5    1    1
  646 61951   15 2.278 60.0    2    1
  647 63241   16 4.504 72.0    1    2
  648 71141   17 5.638 70.0    1    2
  649 71142   16 4.872 72.0    1    1
  650 73041   16 4.270 67.0    1    1
  651 73042   15 3.727 68.0    1    1
  652 73751   18 2.853 60.0    2    2
  653 75852   16 2.795 63.0    2    1
  654 77151   15 3.211 66.5    2    2
